10001100000100000000000000000000
10001100000100010000000000000001
00000000000000001001000000000000
00000000000000001001100000000000
01000010001100010000000000000001
00010010011100010000000000001101
00000000000100000010000000000000
00000000000100110010100000000000
01000000000111110000000000001010
00001000000000000000000000010101
00000000000000101010000000000000
00000000000100110010000000000000
01000000000111110000000000001110
00001000000000000000000000011011
00000000000000101010100000000000
00000010100101011011000000000011
00000010010101101001000000000000
01000010011100110000000000000001
00001000000000000000000000000101
10101100000100100000000000000010
00001000000000000000000000100001
01000000000000100000000000000001
00010000101000000000000000000011
00000000100000100001000000000010
01000000101001011111111111111111
00001000000000000000000000010110
00100011111000000000000000000000
01000000000000100000000000000001
00010000100000000000000000000011
00000000100000100001000000000010
01000000100001001111111111111111
00001000000000000000000000011100
00100011111000000000000000000000
