10001100000101110000000000000000
10001100000001000000000000000001
01000000000101100000000000000000
00000000000101111000000000000000
00010010000000000000000000010000
01000000000111110000000000000111
00001000000000000000000000011001
00000000000000111000100000000000
00000000000000100010000000000000
01000000000111110000000000001011
00001000000000000000000000011001
00000000000000111001000000000000
00000000000000100010000000000000
00000010001100011000100000000010
00000010010100101001000000000010
00000010001100101001100000000000
01011110011101000000000000000001
00010010100000000000000000000001
01000010110101100000000000000001
01000010000100001111111111111111
00001000000000000000000000000100
00000010110101111011000000000011
01001010110101100000000000000100
10101100000101100000000000000010
00001000000000000000000000100011
01000000000010000000000001001011
01000000000010010000000001001010
01000000000010100100000000000000
01001001010010100000000000000100
01000001010010100000000000000001
00000001000001000100000000000010
00000001000010010100000000000000
00000001000010100001000000000100
00000000010010100001100000000011
00100011111000000000000000000000
