10001100000001000000000000000000
01000000000111110000000000000011
00001000000000000000000000000110
10101100000000100000000000000001
10101100000000110000000000000010
00001000000000000000000000010000
01000000000010000000000001001011
01000000000010010000000001001010
01000000000010100100000000000000
01001001010010100000000000000100
01000001010010100000000000000001
00000001000001000100000000000010
00000001000010010100000000000000
00000001000010100001000000000100
00000000010010100001100000000011
00100011111000000000000000000000
